function Sd = DRE_S(t,s)
 Parameters % defined parameter values
 Sd = [Q(1,1) - (1444*s(4)^2)/r;
    s(1) - s(2)/40 + (1098456096613335*s(4))/288230376151711744 - (1444*s(4)*s(7))/r;
    (32*s(2))/5 - (1561*s(4))/1600 - (1444*s(4)*s(9))/r;
    s(3) - (39*s(4))/40 - (1444*s(4)*s(10))/r;
    
    Q(2,2) + 2*s(2) - s(5)/20 + (1098456096613335*s(7))/144115188075855872 - (1444*s(7)^2)/r;
    s(3) + (32*s(5))/5 - s(6)/40 - (1561*s(7))/1600 + (1098456096613335*s(9))/288230376151711744 - (1444*s(7)*s(9))/r;
    s(4) + s(6) - s(7) + (1098456096613335*s(10))/288230376151711744 - (1444*s(7)*s(10))/r;
    
    Q(3,3) + (64*s(6))/5 - (1561*s(9))/800 - (1444*s(9)^2)/r;
    (32*s(7))/5 + s(8) - (39*s(9))/40 - (1561*s(10))/1600 - (1444*s(9)*s(10))/r;
    Q(4,4) + 2*s(9) - (39*s(10))/20 - (1444*s(10)^2)/r];
end
